107 108  32  86 135 233 208 164 225 230 182 115 160 131 146  35
 72  81  65 108 118 166 178 199 149 175 162 171 150 132 180  45
 36  79  84 120 101 194 170 147 147 167 152 162 141 124 136  31
102  46  67  77 215  77 122 124 112 135 112 123 125 146 104  31
 82  67 134  71 112  54 123 105 126 137 159 132 124 184 159  35
 39  56  24  53  51  60  60 134 128 151 134  73 116 104 106  23
 19  38  13 203  47  39  36  79 243  59  61  94 251  69  89  26
 14  54  57  10 209  38 181  93 145  48  40 131 160 171  63  20
 14  24   7 203 217 230 132  54  90  38  48 174  27 245  90  21
 17  21  55  57 173 147 123 177  64 139  42 151  68  52 200  20
 21  17 162 104 156  48 198  64 160  28 211 165  82 217 196  38
 23 175 153  33  44 171 183 207 205 213 212 221 214 156 228  28
 24 145 120 113  38 135  81 204 212  46  27 207 212 213 220  38
 23 160 123  51 202  61 194 204  20  44  26  36 206 207  30  30
 21 180   8  64 131 220  70  85 199 198 188 204 205 177  97  33
 27 192 195 190 188 194 189 190 193 193 198 195 198 182 191  31
112 115  34  89 136 234 214 169 230 234 187 121 165 134 147  36
 71  79  66 109 120 168 182 206 155 180 166 176 153 133 181  43
 35  81  86 123 102 197 174 151 154 173 156 166 145 124 137  32
100  48  70  82 217  80 127 130 116 139 116 128 127 150 104  29
 80  67 137  72 114  56 127 109 130 140 160 135 128 185 159  32
 40  56  27  55  51  64  63 136 134 155 139  77 118 105 103  22
 17  39  15 205  50  41  39  82 240  64  62  95 248  66  85  24
 12  54  56  11 205  41 181  97 146  48  41 131 161 168  62  21
 13  24   9 206 216 228 133  57  93  40  51 172  27 239  84  22
 15  21  50  57 172 150 126 178  67 139  44 151  66  49 197  23
 19  15 162 103 156  48 199  62 162  30 208 162  79 213 189  40
 21 171 149  32  40 166 182 205 202 208 208 215 207 150 221  27
 25 139 116 111  36 130  76 199 207  35  24 202 208 208 212  40
 25 156 122  45 195  56 189 199  15  39  20  32 202 203  23  32
 23 177   5  58 124 215  65  82 195 193 183 199 203 174  94  35
 30 187 191 185 183 190 185 187 189 190 194 193 195 181 188  34
111 130  42  93 134 230 209 167 228 229 182 118 163 132 143  34
 67  79  64 105 114 162 175 200 150 178 161 172 148 129 177  42
 31  83  87 121  98 192 168 145 147 168 151 160 140 118 133  28
 99  49  74  81 217  78 122 126 110 133 110 119 121 145  98  28
 79  73 142  76 122  56 122 104 125 134 151 126 122 176 153  28
 38  62  35  65  57  67  61 136 129 149 124  71 112 101  98  22
 17  43  23 205  54  49  43  87 239  62  58  89 242  61  80  23
 11  60  65  21 204  46 183  98 150  48  37 126 153 163  58  19
 13  29  17 211 218 228 137  62  97  40  49 164  23 232  81  25
 14  26  59  70 176 155 130 182  71 137  44 145  65  44 193  27
 18  20 168 113 162  55 202  63 163  31 204 157  74 208 186  41
 20 180 154  41  45 167 184 204 204 205 203 210 204 149 216  29
 23 144 122 117  41 132  77 198 206  33  23 199 203 205 212  41
 26 161 124  49 200  58 190 199  16  40  21  31 201 202  28  33
 23 179   7  63 129 216  66  84 194 192 184 200 203 174  96  36
 28 188 190 184 184 189 185 187 188 189 193 193 197 182 190  38

 35  45  31  31  35  23  26  20  21  20  38  28  38  30  33  31
146 180 136 104 159 106  89  63  90 200 196 228 220  30  97 191
131 132 124 146 184 104  69 171 245  52 217 156 213 207 177 182
160 150 141 125 124 116 251 160  27  68  82 214 212 206 205 198
115 171 162 123 132  73  94 131 174 151 165 221 207  35 204 195
182 162 152 112 159 134  61  40  48  42 211 213  27  26 188 198
230 175 167 135 137 151  59  48  38 139  28 213  46  44 198 193
225 149 147 112 126 128 243 144  90  64 160 205 212  20 199 193
164 199 147 124 105 134  79  93  54 177  64 207 204 204  85 190
208 178 170 122 123  60  36 181 132 123 198 183  81 194  70 189
233 166 194  77  54  60  39  38 230 147  48 171 135  61 220 194
135 118 101 215 112  51  47 209 217 173 156  44  38 202 131 188
 86 108 120  77  71  53 203  10 203  57 104  33 113  51  64 190
 32  65  84  67 134  24  13  57   7  55 162 153 120 123   8 195
108  81  79  46  67  56  38  54  24  21  17 175 145 160 180 192
107  72  36 102  81  40  19  14  14  17  21  23  24  23  21  27
 36  43  32  29  32  22  24  21  22  23  40  27  40  32  35  34
147 181 137 104 159 103  85  62  84 197 189 221 212  23  94 188
134 133 124 150 185 105  66 168 239  49 213 150 208 203 174 181
165 153 145 127 128 118 248 161  27  66  79 207 208 202 203 195
121 176 166 128 135  77  95 131 172 151 162 215 202  32 199 193
187 166 156 116 160 139  62  41  51  44 208 209  24  20 183 194
234 180 173 139 140 155  64  48  40 139  30 208  35  39 193 190
230 155 154 116 130 134 240 146  93  67 162 202 207  15 195 189
169 206 151 130 109 136  82  97  57 178  62 205 199 199  82 187
214 182 174 127 127  63  39 181 133 126 199 182  76 189  65 185
234 168 197  80  56  64  41  41 228 150  48 166 130  56 215 190
136 120 102 217 114  51  50 205 216 172 156  40  36 195 124 183
 89 109 123  82  72  55 205  11 206  57 103  32 111  45  58 185
 34  66  86  70 137  27  15  56   9  50 162 149 116 122   5 191
115  79  81  48  67  56  39  54  24  21  15 171 139 156 177 187
112  71  35 100  80  41  17  12  13  15  19  21  25  25  23  30
 34  42  28  28  28  22  23  19  25  27  41  29  41  33  36  38
143 177 133  98 153  98  80  58  81 193 186 216 212  28  96 190
132 129 118 145 176 101  61 163 232  44 208 149 205 202 174 182
163 148 140 121 122 112 242 153  23  65  74 204 203 201 203 197
118 172 160 119 126  71  89 126 164 145 157 210 199  31 200 193
182 161 151 110 151 124  58  37  49  44 204 204  23  21 184 193
229 178 168 133 134 149  62  48  40 137  31 205  33  40 192 189
228 150 147 110 125 129 239 149  97  71 163 204 206  16 194 188
167 200 145 126 104 136  87  98  62 182  63 204 198 199  84 187
209 175 168 122 122  61  43 183 137 130 202 184  77 190  66 185
230 162 192  78  56  67  49  46 228 155  55 167 132  58 216 189
134 114  98 217 122  57  54 204 218 176 162  45  41 200 129 184
 93 105 121  81  76  65 205  21 211  70 113  41 117  49  63 184
 42  64  87  74 142  35  23  65  17  59 168 154 122 124   7 190
130  79  83  49  73  62  43  60  29  26  20 180 144 161 179 188
111  67  31  99  79  39  17  11  13  14  18  20  23  26  23  28

 65 189 192 192 189 188 186 185 181 176 174 138 125 119 151  86
 43 109 160 190 148 106 112 155 138 166 166  90  63  65 140  84
 36 102 176 174  56  68  56  91 175 166 156 138 131 123  83  59
 78 188 190 195 163 140 140 178 181 167 133  89  85  81 116  68
 90 180 133 174 197 178 142 117 134 134 117 111 109  71  91  56
 85 158 141 151 176 142  95 117 130 120  78 109 108 103  66  35
 63 119  95  77  90  74 130 130 148 134 127 129 135 108  48  33
 58  84 113  79 115  75 111 134 150 155 161 153 114  61  57  28
 58  80 101  74  56  64  54  98 151 155 101 163 111  90  65  30
 58  80  78 147 117  96  67 142 165  78  94 111 146 109 104  36
 57  86 114 131 120 139 151 153 122  83  62  46  43  75  77  42
 68 113 143 152 133 154 142 119 100  95  80  67  77 130  77  54
 74 115 136 127 118 127 127 130 124 122 110 107 118  81  80  60
 74 130 132 136 138 148 157 151 142 135 124 124 113  98  94  72
 80 139 146 150 157 166 180 175 167 155 149 134 126 119 107  82
 83 123 119 117 124 126 130 129 124 116 108  96  83  77  80  66
 68 187 189 190 186 184 183 181 178 173 170 134 120 116 149  86
 43 104 157 188 144 102 108 150 133 161 160  84  57  62 137  83
 35  97 171 170  51  63  52  87 170 161 151 131 123 118  79  56
 77 182 185 189 157 134 134 174 176 162 129  86  82  78 112  65
 88 173 128 170 191 173 139 115 131 131 114 109 107  69  87  52
 84 152 137 147 173 139  94 116 128 119  79 109 108 103  65  34
 62 115  91  77  90  75 129 132 149 136 129 129 135 109  47  32
 57  80 109  79 113  76 109 136 151 156 161 153 115  61  57  27
 56  77  98  74  57  64  55  99 151 155 102 162 112  91  66  30
 55  77  77 147 119  97  71 144 164  79  97 113 147 110 105  35
 55  85 115 133 124 144 156 156 125  86  64  48  45  77  79  43
 67 112 145 153 136 157 146 125 104 100  84  70  78 130  79  55
 72 115 139 129 122 130 132 135 129 127 113 109 119  84  82  61
 72 131 135 138 141 153 163 156 146 139 128 126 115 100  95  72
 78 140 148 154 161 171 186 180 173 160 152 136 127 120 107  81
 80 123 121 120 127 130 134 132 128 118 110  96  83  77  79  66
 72 188 190 191 186 185 182 181 178 173 171 135 121 116 149  85
 45 106 157 188 144 102 108 150 135 163 162  87  60  65 138  82
 37  98 170 169  51  63  53  87 170 162 152 135 128 123  83  56
 77 179 182 186 154 132 132 172 175 164 132  91  87  84 117  65
 87 169 126 165 187 169 137 115 132 134 118 113 112  76  94  53
 84 147 133 141 168 135  95 118 132 125  85 114 113 109  70  35
 60 111  86  73  86  73 128 134 152 143 136 134 139 114  53  33
 54  74 104  75 108  73 108 139 154 160 164 156 121  68  62  29
 52  72  93  68  51  61  55 101 155 158 107 163 117  96  69  32
 52  71  72 141 112  92  69 142 164  82 101 116 147 113 106  37
 51  79 109 126 116 134 149 153 123  85  67  55  53  81  82  45
 62 106 137 145 128 148 140 120 101  96  84  75  83 131  83  56
 66 109 133 121 113 123 125 129 124 122 111 108 118  88  86  61
 67 125 129 133 136 147 158 151 141 134 123 122 114 101  97  70
 73 135 144 150 157 166 182 175 168 154 146 131 123 118 107  79
 76 120 119 117 124 127 131 129 124 115 106  93  81  76  78  64

 86  84  59  68  56  35  33  28  30  36  42  54  60  72  82  66
151 140  83 116  91  66  48  57  65 104  77  77  80  94 107  80
119  65 123  81  71 103 108  61  90 109  75 130  81  98 119  77
125  63 131  85 109 108 135 114 111 146  43  77 118 113 126  83
138  90 138  89 111 109 129 153 163 111  46  67 107 124 134  96
174 166 156 133 117  78 127 161 101  94  62  80 110 124 149 108
176 166 166 167 134 120 134 155 155  78  83  95 122 135 155 116
181 138 175 181 134 130 148 150 151 165 122 100 124 142 167 124
185 155  91 178 117 117 130 134  98 142 153 119 130 151 175 129
186 112  56 140 142  95 130 111  54  67 151 142 127 157 180 130
188 106  68 140 178 142  74  75  64  96 139 154 127 148 166 126
189 148  56 163 197 176  90 115  56 117 120 133 118 138 157 124
192 190 174 195 174 151  77  79  74 147 131 152 127 136 150 117
192 160 176 190 133 141  95 113 101  78 114 143 136 132 146 119
189 109 102 188 180 158 119  84  80  80  86 113 115 130 139 123
 65  43  36  78  90  85  63  58  58  58  57  68  74  74  80  83
 86  83  56  65  52  34  32  27  30  35  43  55  61  72  81  66
149 137  79 112  87  65  47  57  66 105  79  79  82  95 107  79
116  62 118  78  69 103 109  61  91 110  77 130  84 100 120  77
120  57 123  82 107 108 135 115 112 147  45  78 119 115 127  83
134  84 131  86 109 109 129 153 162 113  48  70 109 126 136  96
170 160 151 129 114  79 129 161 102  97  64  84 113 128 152 110
173 161 161 162 131 119 136 156 155  79  86 100 127 139 160 118
178 133 170 176 131 128 149 151 151 164 125 104 129 146 173 128
181 150  87 174 115 116 132 136  99 144 156 125 135 156 180 132
183 108  52 134 139  94 129 109  55  71 156 146 132 163 186 134
184 102  63 134 173 139  75  76  64  97 144 157 130 153 171 130
186 144  51 157 191 173  90 113  57 119 124 136 122 141 161 127
190 188 170 189 170 147  77  79  74 147 133 153 129 138 154 120
189 157 171 185 128 137  91 109  98  77 115 145 139 135 148 121
187 104  97 182 173 152 115  80  77  77  85 112 115 131 140 123
 68  43  35  77  88  84  62  57  56  55  55  67  72  72  78  80
 85  82  56  65  53  35  33  29  32  37  45  56  61  70  79  64
149 138  83 117  94  70  53  62  69 106  82  83  86  97 107  78
116  65 123  84  76 109 114  68  96 113  81 131  88 101 118  76
121  60 128  87 112 113 139 121 117 147  53  83 118 114 123  81
135  87 135  91 113 114 134 156 163 116  55  75 108 122 131  93
171 162 152 132 118  85 136 164 107 101  67  84 111 123 146 106
173 163 162 164 134 125 143 160 158  82  85  96 122 134 154 115
178 135 170 175 132 132 152 154 155 164 123 101 124 141 168 124
181 150  87 172 115 118 134 139 101 142 153 120 129 151 175 129
182 108  53 132 137  95 128 108  55  69 149 140 125 158 182 131
185 102  63 132 169 135  73  73  61  92 134 148 123 147 166 127
186 144  51 154 187 168  86 108  51 112 116 128 113 136 157 124
191 188 169 186 165 141  73  75  68 141 126 145 121 133 150 117
190 157 170 182 126 133  86 104  93  72 109 137 133 129 144 119
188 106  98 179 169 147 111  74  72  71  79 106 109 125 135 120
 72  45  37  77  87  84  60  54  52  52  51  62  66  67  73  76
