 33  25  28  28  26  29  29  30  34  34  42  41  46  53  59  65
 28  57  78  62  77  89  76  90 114 104  78  73 102 130  80  68
 26  50  35  42  66  55  70 114  69  64  66 100  64 117  91  61
 26  32  46  44  58  42  49 109  81  82  86  65 175  62  86  58
 25  36 192  45  34  30  32  38  36 125  81 136 163 111  91  66
 26  39 114  52  25  59 145 211 132  75  80 111 166  86  94  61
 18  37 193 174 174  22  60 147 186  47  93 110  91  99 113  66
 13  86 180  31 160  33 170 158  81 127  86  77 196  98 102  77
 13  88  40 133 119 154 115 120 121 219 153 205 116 228 118  71
 11  31 107 118 133  99 103 111  24 162 113 168 177 112 119  76
 11  50  35 161 119  63  94 107  44  26 120 182 157 207 255  74
 10  76  45 109  32  85  97  79 145 129 122 142 175 158 229  68
 14 130 115  85 124 109 116 158  97  78  51  45 125 144 175  47
 16 111  93  24 153 145 126 152  17  26  28  26 164  32  64  29
 47 123  40  23  21 154 147 145 158 157 163 159 160 130 152  29
 80 145 140 130 128 136 135 141 132 141 138 139 146 152 147  30
 37  29  30  32  31  33  36  36  41  42  49  49  53  61  69  71
 31  64  87  69  84  97  82  98 121 111  86  82 109 139  86  75
 28  60  45  51  76  64  78 121  76  72  74 108  71 124  98  65
 30  41  55  53  67  49  57 116  87  87  93  72 182  69  91  63
 30  44 203  53  41  37  39  45  43 132  90 144 173 121  97  70
 30  48 125  60  32  69 156 219 138  86  89 119 173  91  98  64
 23  48 205 187 187  33  70 154 190  52  97 116  98 101 115  67
 15  96 190  42 174  46 183 169  85 128  88  79 198  98 103  78
 16  97  52 148 134 167 129 135 132 218 153 202 118 227 116  73
 13  42 120 132 146 111 117 123  37 174 122 168 172 110 119  75
 13  62  45 171 131  75 108 121  58  40 133 191 158 199 254  72
 14  87  56 121  43  96 110  92 158 142 133 153 186 169 223  64
 15 140 126  95 135 119 126 169 106  84  60  52 136 155 184  45
 19 123 104  27 163 155 137 161  19  27  31  29 175  41  74  29
 56 134  43  24  21 162 159 154 166 166 171 168 171 143 167  29
 94 157 152 143 140 147 146 152 142 150 149 152 160 166 162  29
 43  35  34  35  35  38  39  38  42  43  52  51  56  66  73  75
 40  85 105  86  99 111  95 109 131 120  95  91 118 150  93  80
 36  78  62  68  93  79  90 132  86  81  83 117  80 134 109  71
 37  58  72  70  84  64  70 127  98  97 102  81 193  79  99  68
 37  61 220  70  56  52  52  56  54 144 103 155 180 131 104  76
 36  65 141  76  47  83 168 226 147  99 101 128 182 100 103  68
 28  64 220 203 203  49  86 165 197  58  99 122 107 106 118  69
 21 111 207  59 190  62 202 188  97 133  89  80 198 100 105  80
 21 112  66 163 154 188 154 161 158 225 154 200 118 225 115  70
 19  58 136 152 168 138 145 151  65 196 136 166 165 106 117  72
 21  78  65 194 157  99 136 150  82  58 151 205 161 192 243  68
 21 109  77 147  63 122 136 116 177 159 150 169 204 186 222  59
 24 165 154 119 160 144 149 189 126  99  76  68 157 175 204  45
 32 149 130  46 185 179 159 184  27  36  41  37 195  61  92  35
 80 161  57  36  32 184 179 174 185 185 190 188 191 165 190  35
122 183 176 166 163 169 166 172 163 171 171 174 183 190 188  37

 65  68  61  58  66  61  66  77  71  76  74  68  47  29  29  30
 59  79  91  86  91  94 113 102 118 119 255 229 175  64 152 147
 53 130 117  63 111  86  99  98 228 112 207 158 144  32 130 152
 46 102  64 175 163 165  91 196 116 177 157 175 125 164 160 146
 41  73 100  65 136 111 110  77 205 168 182 142  45  26 159 139
 42  78  67  86  81  80  93  86 153 113 120 122  51  28 163 138
 34 104  64  82 125  75  47 127 219 162  26 128  78  26 157 141
 34 114  69  81  36 132 186  81 121  24  44 145  97  17 158 132
 30  90 114 109  38 211 146 158 120 111 106  79 158 152 145 141
 29  76  70  49  32 145  60 170 115 103  94  97 116 126 147 135
 29  89  55  42  30  59  22  33 153  99  63  85 109 145 154 136
 26  77  66  58  34  25 174 159 119 133 119  32 124 153  21 128
 28  62  42  44  45  52 174  31 133 118 161 108  84  23  23 130
 28  78  35  46 192 113 193 180  40 107  35  45 115  93  40 140
 25  57  50  32  36  39  37  86  88  31  50  76 130 111 123 145
 33  28  26  26  25  26  18  13  13  11  11  10  14  16  47  80
 71  75  65  63  70  64  67  78  73  75  72  64  45  29  29  29
 69  86  98  91  97  98 114 103 116 119 254 223 184  74 167 162
 61 139 124  69 121  91 101  98 227 110 199 169 155  41 143 166
 53 109  71 182 173 172  98 198 118 172 158 186 137 175 171 160
 49  82 108  72 144 119 116  79 202 168 191 153  52  29 168 152
 49  86  74  94  90  89  97  88 153 122 134 133  60  31 171 149
 42 111  72  87 132  86  52 128 218 174  40 142  83  27 166 150
 41 120  76  87  42 138 190  85 132  37  58 159 106  19 166 142
 36  98 121 116  45 219 154 169 135 123 121  92 169 161 154 152
 36  82  78  57  39 156  70 183 129 117 109 110 127 137 159 146
 33  97  64  49  37  69  33  46 166 111  75  96 119 156 162 147
 31  84  76  66  41  32 187 174 134 146 130  43 135 163  21 140
 32  69  51  53  53  59 187  42 148 132 171 121  95  27  24 143
 30  87  45  55 203 124 205 190  52 120  45  56 126 104  43 152
 29  64  60  41  44  48  48  96  98  42  62  87 140 122 134 157
 37  31  28  30  30  30  23  15  16  13  13  14  15  19  56  94
 75  80  71  68  76  68  69  80  70  72  68  59  45  35  35  37
 73  93 109  99 104 103 118 105 115 117 243 222 204  93 190 188
 66 149 134  79 131 100 106 100 225 106 192 186 175  61 165 190
 56 118  80 193 181 181 107 198 118 165 161 204 157 195 191 183
 51  91 117  81 155 128 122  80 200 166 205 169  68  37 188 174
 52  95  83 103 103 101  99  89 154 136 152 150  76  40 190 171
 43 120  81  97 144  99  59 132 225 196  58 159  99  36 185 171
 42 130  86  98  54 147 197  97 158  65  82 178 126  27 185 163
 38 109 132 127  56 226 165 188 161 151 150 116 189 184 174 172
 39  95  90  70  52 168  87 202 154 145 136 136 149 159 179 166
 38 111  79  64  52  83  49  62 188 138  99 122 144 179 184 169
 35  99  93  84  56  47 203 190 154 168 157  63 160 185  32 163
 35  86  68  70  70  75 203  59 163 152 194 147 119  46  36 166
 34 105  62  72 220 140 220 207  66 136  65  77 154 130  57 176
 35  84  78  58  61  65  64 110 112  58  78 109 165 149 161 183
 43  40  36  37  37  36  28  21  21  19  21  21  24  32  80 122

 41 110 115 112 105 105 104 105 103  97  97  89  89  82  98  51
 42 107 141 153 152 133 137 151 116 139 136  59  35  33 106  62
 37  84 116 141  34  31  27  82 116 118 119  98  81  91  86  42
 61 123 148 149  77  72  65 117 140 128 103  84  72  91  96  44
 95 185 134 151 165 145 134 119 113 104  92  55  70  69  98  42
 99 205 199 172 171 136  94  92  97  82  70  97 112  87  71  31
 91 152 173 161 163 104  84  71  90  89  84  99  96  87  55  29
 76 128 150 123 158 120 127 113 112 115 124 111 115 100  45  28
 71 106 122 126  96  81  78 115 130 125 103 147  70  97  42  26
 63  96  91 107 117 107  88 137 153  89  60 117 140 121  55  26
 63  72  86 122 120 109 108 144 126  79  53  34  36  93  37  24
 70  67 110 130 102 119 108  63  43  43  40  37  65  96  42  25
 80  70  68  88  53  54  53  58  61  57  50  65  70  52  47  25
 92  67  76  68  67  69  73  80  82  80  69  71  60  59  54  27
108  78  91  86  85  87  93 102 100  95  93  77  74  66  61  30
119  69  75  67  70  71  74  69  62  61  61  53  43  48  46  31
 44 121 127 123 115 114 112 112 110 104 105  96  96  89 109  57
 46 118 154 165 162 142 144 159 124 148 145  62  37  36 117  69
 39  93 127 152  38  35  30  88 124 128 130 105  88 100  96  48
 59 130 160 160  85  80  72 127 151 139 114  94  81 101 106  49
 90 181 142 162 176 157 147 132 126 116 104  66  81  79 109  48
 95 198 193 173 179 150 109 107 111  95  82 109 123  98  83  36
 90 150 169 158 163 111  96  84 103 102  96 112 110 100  66  34
 77 126 149 124 157 121 131 124 126 129 139 126 129 112  54  33
 73 107 124 128  98  84  81 121 141 139 117 161  81 107  51  32
 66  97  94 111 122 110  92 141 160 100  71 130 152 133  65  32
 67  76  91 129 126 117 117 150 133  88  62  42  44 102  46  29
 74  72 118 138 110 127 116  69  50  50  48  44  74 106  50  30
 85  76  74  96  60  61  59  63  68  65  58  74  80  61  54  28
 97  74  84  75  74  76  79  87  89  87  77  80  68  68  63  30
112  85  99  94  93  94 100 109 107 102 100  85  81  74  68  33
126  78  84  76  79  80  82  77  69  67  67  59  49  53  52  34
 55 143 147 143 133 131 128 128 126 120 121 112 112 106 129  74
 56 138 176 186 181 158 160 178 142 168 164  76  50  49 140  86
 47 112 147 171  48  44  38 101 143 149 152 127 110 124 120  64
 61 146 180 179 101  94  86 144 172 161 138 117 106 127 130  62
 85 183 157 179 193 174 164 151 149 142 130  88 106 101 130  59
 90 189 190 176 190 167 128 131 138 123 106 133 146 119 100  45
 86 145 163 153 163 124 118 112 131 130 121 134 129 118  82  42
 75 125 147 123 155 123 142 147 152 153 160 144 146 127  70  41
 74 108 125 128  99  84  86 132 160 157 133 177  97 122  67  40
 67 101  98 117 126 113  98 148 170 116  88 146 168 148  81  41
 68  81  99 136 133 124 126 159 143 100  76  56  59 119  63  39
 77  79 127 147 120 135 125  81  60  62  61  59  90 123  67  39
 88  83  85 106  68  71  68  73  79  78  73  91  98  78  71  37
100  82  93  84  83  85  89  96 100 101  93  97  85  86  80  39
115  93 109 103 102 103 109 118 118 114 114 100  98  92  86  43
128  84  90  81  84  84  85  81  74  73  74  66  56  61  61  43

 51  62  42  44  42  31  29  28  26  26  24  25  25  27  30  31
 98 106  86  96  98  71  55  45  42  55  37  42  47  54  61  46
 82  33  91  91  69  87  87 100  97 121  93  96  52  59  66  48
 89  35  81  72  70 112  96 115  70 140  36  65  70  60  74  43
 89  59  98  84  55  97  99 111 147 117  34  37  65  71  77  53
 97 136 119 103  92  70  84 124 103  60  53  40  50  69  93  61
 97 139 118 128 104  82  89 115 125  89  79  43  57  80  95  61
103 116 116 140 113  97  90 112 130 153 126  43  61  82 100  62
105 151  82 117 119  92  71 113 115 137 144  63  58  80 102  69
104 137  27  65 134  94  84 127  78  88 108 108  53  73  93  74
105 133  31  72 145 136 104 120  81 107 109 119  54  69  87  71
105 152  34  77 165 171 163 158  96 117 120 102  53  67  85  70
112 153 141 149 151 172 161 123 126 107 122 130  88  68  86  67
115 141 116 148 134 199 173 150 122  91  86 110  68  76  91  75
110 107  84 123 185 205 152 128 106  96  72  67  70  67  78  69
 41  42  37  61  95  99  91  76  71  63  63  70  80  92 108 119
 57  69  48  49  48  36  34  33  32  32  29  30  28  30  33  34
109 117  96 106 109  83  66  54  51  65  46  50  54  63  68  52
 89  36 100 101  79  98 100 112 107 133 102 106  61  68  74  53
 96  37  88  81  81 123 110 129  81 152  44  74  80  68  81  49
 96  62 105  94  66 109 112 126 161 130  42  44  74  80  85  59
105 145 130 114 104  82  96 139 117  71  62  48  58  77 100  67
104 148 128 139 116  95 102 129 139 100  88  50  65  87 102  67
110 124 124 151 126 111 103 126 141 160 133  50  68  89 107  69
112 159  88 127 132 107  84 124 121 141 150  69  63  87 109  77
112 144  30  72 147 109  96 131  81  92 117 116  59  79 100  82
114 142  35  80 157 150 111 121  84 110 117 127  61  76  94  80
115 162  38  85 176 179 163 157  98 122 126 110  60  74  93  79
123 165 152 160 162 173 158 124 128 111 129 138  96  75  94  76
127 154 127 160 142 193 169 149 124  94  91 118  74  84  99  84
121 118  93 130 181 198 150 126 107  97  76  72  76  74  85  78
 44  46  39  59  90  95  90  77  73  66  67  74  85  97 112 126
 74  86  64  62  59  45  42  41  40  41  39  39  37  39  43  43
129 140 120 130 130 100  82  70  67  81  63  67  71  80  86  61
106  49 124 127 101 119 118 127 122 148 119 123  78  86  92  61
112  50 110 106 106 146 129 146  97 168  59  90  98  85  98  56
112  76 127 117  88 133 134 144 177 146  56  59  91  97 100  66
121 164 152 138 130 106 121 160 133  88  76  61  73  93 114  74
120 168 149 161 142 123 130 153 157 116 100  62  78 101 114  73
126 142 143 172 149 138 131 152 160 170 143  60  79 100 118  74
128 178 101 144 151 131 112 147 132 148 159  81  73  96 118  81
128 160  38  86 164 128 118 142  86  98 126 125  68  89 109  85
131 158  44  94 174 167 124 123  84 113 124 135  71  85 103  84
133 181  48 101 193 190 163 155  99 126 133 120  68  83 102  84
143 186 171 179 179 176 153 123 128 117 136 147 106  84 103  81
147 176 147 180 157 190 163 147 125  98  99 127  85  93 109  90
143 138 112 146 183 189 145 125 108 101  81  79  83  82  93  84
 55  56  47  61  85  90  86  75  74  67  68  77  88 100 115 128
